  50143.0000
     21.0000
  15961.0000
  15984.0000
  15983.0000
   6213.0000
  15101.0000
   1802.0000
   1805.0000
     37.0000
   1442.0000
   1445.0000
  13795.0000
  15881.0000
  15909.0000
     43.0000
   3273.0000
   3276.0000
  15881.0000
  15907.0000
     47.0000
   3248.0000
   3245.0000
  64929.0000
  64902.0000
  64927.0000
     72.0000
   3233.0000
   3236.0000
  64929.0000
     73.0000
   3288.0000
   3285.0000
    106.0000
   4879.0000
  64988.0000
  65001.0000
  13450.0000
  13449.0000
    166.0000
   6741.0000
   6785.0000
  21334.0000
  83678.0000
   1379.0000
  13276.0000
  13285.0000
  13278.0000
  21972.0000
  21841.0000
  21659.0000
   1402.0000
  13450.0000
  49327.0000
  49659.0000
   2586.0000
  19192.0000
  61849.0000
  61843.0000
   3126.0000
  21484.0000
  21853.0000
  21980.0000
  22145.0000
  22146.0000
   3171.0000
  62238.0000
  62237.0000
   3245.0000
   3239.0000
   3242.0000
   3230.0000
   3236.0000
   3285.0000
   3279.0000
   3282.0000
   3270.0000
   3276.0000
   4155.0000
  69231.0000
   5448.0000
  73261.0000
   4728.0000
  62237.0000
  83952.0000
  73706.0000
  73368.0000
  73704.0000
  73363.0000
   6108.0000
  72021.0000
  13278.0000
   6237.0000
   6255.0000
   9000.0000
   8995.0000
   9001.0000
  61849.0000
   6468.0000
  61627.0000
  61619.0000
   6720.0000
   6785.0000
  15975.0000
  15983.0000
  15981.0000
  21334.0000
  21338.0000
  21494.0000
  21856.0000
  21343.0000
  21979.0000
  22146.0000
  21443.0000
  21972.0000
  50022.0000
  49662.0000
  50021.0000
  49382.0000
  49566.0000
  49966.0000
  49590.0000
  49659.0000
  50022.0000
  61619.0000
  61625.0000
  64971.0000
  64931.0000
  64903.0000
  64930.0000
  64909.0000
  65001.0000
  83952.0000
  73258.0000
  73616.0000
  73273.0000
