  31392.0000
     21.0000
  15961.0000
  15984.0000
  15983.0000
  15881.0000
  15909.0000
     43.0000
   3273.0000
   3276.0000
  15881.0000
  15907.0000
     47.0000
   3248.0000
   3245.0000
  64928.0000
  64902.0000
  64927.0000
     72.0000
   3233.0000
   3236.0000
  64928.0000
     73.0000
   3288.0000
   3285.0000
    106.0000
   4879.0000
  64988.0000
  65001.0000
  21973.0000
  83995.0000
  21971.0000
  21441.0000
   1396.0000
  13460.0000
    160.0000
   6746.0000
   6747.0000
   6797.0000
   6750.0000
   6901.0000
  21334.0000
  83678.0000
   1379.0000
  13276.0000
  13285.0000
  13278.0000
   2244.0000
  21649.0000
  21410.0000
   2247.0000
  21410.0000
  61849.0000
  61843.0000
   3126.0000
  21484.0000
  21853.0000
  21980.0000
  22145.0000
  22146.0000
  62237.0000
  62238.0000
   3177.0000
  21429.0000
  84050.0000
   3245.0000
   3239.0000
   3242.0000
   3230.0000
   3236.0000
   3285.0000
   3279.0000
   3282.0000
   3270.0000
   3276.0000
  73707.0000
  73377.0000
   5427.0000
  69224.0000
   4134.0000
  49946.0000
  50214.0000
  62750.0000
  62823.0000
  62636.0000
   4734.0000
  62237.0000
  13278.0000
   6237.0000
   6255.0000
   9000.0000
   8995.0000
   9001.0000
  61849.0000
   6468.0000
  61627.0000
  61619.0000
  84050.0000
  21283.0000
  21416.0000
  21652.0000
  21334.0000
  21338.0000
  21494.0000
  21856.0000
  21684.0000
  21973.0000
  21842.0000
  21969.0000
  21979.0000
  22146.0000
  49672.0000
  50028.0000
  49667.0000
  49159.0000
  49656.0000
  49376.0000
  50375.0000
  49159.0000
  83940.0000
  50214.0000
  49381.0000
  49672.0000
  61619.0000
  61625.0000
  62750.0000
  62821.0000
  62849.0000
  64971.0000
  64931.0000
  64903.0000
  64930.0000
  64917.0000
  64947.0000
  65001.0000
  72882.0000
  83932.0000
  73364.0000
  73707.0000
  73103.0000
  73380.0000
  73709.0000
  73364.0000
  73952.0000
  73702.0000
  74120.0000
  74180.0000
  83932.0000
  73373.0000
  73709.0000
