  19246.0000
     25.0000
    925.0000
  15946.0000
  15882.0000
  15881.0000
  15909.0000
     43.0000
   3273.0000
   3276.0000
  15881.0000
  15907.0000
     47.0000
   3248.0000
   3245.0000
  64928.0000
  64902.0000
  64927.0000
     72.0000
   3233.0000
   3236.0000
  64928.0000
     73.0000
   3288.0000
   3285.0000
    106.0000
  64936.0000
  64949.0000
  64946.0000
  64981.0000
  21663.0000
  21317.0000
   1358.0000
  13105.0000
    288.0000
   6775.0000
   6961.0000
   6891.0000
  21284.0000
  21423.0000
   1432.0000
  13620.0000
  13622.0000
   2232.0000
  21287.0000
  21438.0000
  62049.0000
  62059.0000
   3135.0000
  21797.0000
  21303.0000
  62412.0000
  62424.0000
   3162.0000
  21252.0000
  21196.0000
   3245.0000
   3239.0000
   3242.0000
   3230.0000
   3236.0000
   3285.0000
   3279.0000
   3282.0000
   3270.0000
   3276.0000
   4362.0000
  50276.0000
  50440.0000
  62654.0000
  62761.0000
  62645.0000
   4698.0000
  62049.0000
   5409.0000
  73958.0000
  74123.0000
  13622.0000
  13610.0000
   6222.0000
   6512.0000
   6504.0000
  59464.0000
  59458.0000
  59463.0000
   6405.0000
   6432.0000
  62412.0000
   6504.0000
   6510.0000
   6891.0000
   6959.0000
  15882.0000
  15944.0000
  21196.0000
  21250.0000
  21391.0000
  21438.0000
  21210.0000
  21284.0000
  21300.0000
  84003.0000
  21315.0000
  21303.0000
  21601.0000
  21933.0000
  21796.0000
  21315.0000
  21663.0000
  50550.0000
  50073.0000
  49387.0000
  50039.0000
  49684.0000
  50051.0000
  49696.0000
  49391.0000
  49684.0000
  50440.0000
  50275.0000
  50278.0000
  50052.0000
  49694.0000
  50051.0000
  62654.0000
  62655.0000
  64962.0000
  64903.0000
  64931.0000
  64971.0000
  73115.0000
  73412.0000
  73113.0000
  73405.0000
  73407.0000
  73115.0000
  73411.0000
  73722.0000
  74123.0000
  73957.0000
  73960.0000
  73723.0000
  73398.0000
  73722.0000
