  72876.0000
     40.0000
  13828.0000
   1470.0000
   6399.0000
   6402.0000
     49.0000
   2219.0000
   2222.0000
  47900.0000
    107.0000
  64988.0000
  65003.0000
  13446.0000
  13452.0000
    166.0000
   6740.0000
   6744.0000
   6743.0000
   2378.0000
  18509.0000
    266.0000
    272.0000
  13269.0000
   1349.0000
  13106.0000
    294.0000
    291.0000
    282.0000
    288.0000
    285.0000
    403.0000
    400.0000
    394.0000
    397.0000
    361.0000
    388.0000
    385.0000
    385.0000
    379.0000
    382.0000
    364.0000
    376.0000
   6743.0000
    409.0000
    391.0000
    403.0000
  21232.0000
  83679.0000
   1382.0000
  13277.0000
  13272.0000
  13279.0000
  21292.0000
  21440.0000
   1399.0000
  13451.0000
  13446.0000
   1451.0000
  13827.0000
  13953.0000
   1470.0000
   1473.0000
  21336.0000
  21490.0000
   1578.0000
   1575.0000
   1533.0000
   1566.0000
   1563.0000
   1560.0000
   1557.0000
   1536.0000
   1551.0000
   1548.0000
   1539.0000
   1548.0000
   1563.0000
   1554.0000
   1560.0000
  21292.0000
  21294.0000
   1572.0000
   1578.0000
   1835.0000
  15920.0000
  15886.0000
  15923.0000
  28649.0000
  28669.0000
  28630.0000
  28620.0000
   1897.0000
  15923.0000
   2378.0000
   2393.0000
  49575.0000
  49576.0000
  49959.0000
  49577.0000
   3057.0000
   3054.0000
   2970.0000
   3042.0000
   3036.0000
   3018.0000
   3015.0000
   2973.0000
   3006.0000
   3003.0000
  21647.0000
  21265.0000
   3033.0000
   3030.0000
   3009.0000
   3024.0000
   3021.0000
   3021.0000
   3012.0000
   3018.0000
   3036.0000
   3039.0000
   3027.0000
   3033.0000
   3051.0000
   3057.0000
   3114.0000
  21678.0000
  21854.0000
  21681.0000
  21855.0000
  61838.0000
  61849.0000
  61837.0000
  61843.0000
   3129.0000
  21680.0000
  21855.0000
  62240.0000
  62232.0000
  62239.0000
   3174.0000
  21266.0000
  21203.0000
  64941.0000
  64942.0000
   3214.0000
  28621.0000
  28634.0000
  28635.0000
  28649.0000
   3295.0000
  64939.0000
  64941.0000
  69248.0000
  69212.0000
   4230.0000
  49556.0000
  49317.0000
  83893.0000
  83892.0000
  84075.0000
  62746.0000
   4731.0000
  62240.0000
   5924.0000
  71282.0000
   4763.0000
  62606.0000
  73253.0000
  73604.0000
  73011.0000
   5523.0000
  69248.0000
  73601.0000
  73887.0000
   5909.0000
   5924.0000
  13279.0000
   6237.0000
   6255.0000
   9010.0000
   9003.0000
   9011.0000
   9011.0000
   6276.0000
   6297.0000
   6303.0000
  13953.0000
  61622.0000
  61634.0000
   6459.0000
   6393.0000
   6399.0000
  61621.0000
  61626.0000
   6441.0000
   6477.0000
  61838.0000
  15887.0000
  15960.0000
  15925.0000
  15925.0000
  15959.0000
  15975.0000
  21203.0000
  21265.0000
  21232.0000
  21490.0000
  28630.0000
  83773.0000
  83742.0000
  29515.0000
  29516.0000
  29538.0000
  29558.0000
  29539.0000
  29539.0000
  29517.0000
  29524.0000
  83892.0000
  49560.0000
  49957.0000
  49577.0000
  61621.0000
  61622.0000
  84075.0000
  62640.0000
  84015.0000
  65003.0000
  64985.0000
  64999.0000
  73601.0000
  73623.0000
  73016.0000
  73255.0000
  73888.0000
  73888.0000
  73018.0000
  73253.0000
