  31152.0000
  49284.0000
  49512.0000
  49277.0000
     84.0000
   5285.0000
   5288.0000
  72897.0000
  73198.0000
    111.0000
   5288.0000
  13446.0000
  13452.0000
    163.0000
   6740.0000
   6744.0000
   6784.0000
  49284.0000
   2432.0000
  18547.0000
    176.0000
   6832.0000
   6928.0000
  21318.0000
  21316.0000
  21317.0000
   1358.0000
  13105.0000
    288.0000
   6775.0000
   6887.0000
   6779.0000
    346.0000
    343.0000
    337.0000
    340.0000
    304.0000
    331.0000
    328.0000
   6779.0000
    307.0000
    325.0000
    322.0000
    328.0000
    355.0000
    349.0000
    352.0000
    334.0000
    346.0000
  13876.0000
  13937.0000
    367.0000
   6973.0000
   6995.0000
    409.0000
   6784.0000
  21292.0000
  21440.0000
   1399.0000
  13451.0000
  13446.0000
   1506.0000
   1503.0000
   1461.0000
   1494.0000
   1491.0000
  21318.0000
   1482.0000
   1491.0000
   1521.0000
   1518.0000
   1497.0000
   1512.0000
   1509.0000
   1509.0000
   1500.0000
   1506.0000
   1527.0000
   1515.0000
   1521.0000
  22009.0000
  22103.0000
  21712.0000
  21713.0000
   1542.0000
  13936.0000
  13876.0000
   1572.0000
  21294.0000
  21292.0000
   1816.0000
  15964.0000
  15878.0000
  29106.0000
  29093.0000
  29072.0000
   1888.0000
  15898.0000
  15878.0000
   3018.0000
   3015.0000
   2973.0000
   3006.0000
   3003.0000
  21647.0000
  21265.0000
   3033.0000
   3030.0000
   3009.0000
   3024.0000
   3021.0000
   3021.0000
   3012.0000
   3018.0000
  47955.0000
  47952.0000
   3042.0000
  21702.0000
  21902.0000
  22115.0000
  22181.0000
  22122.0000
   3084.0000
  21308.0000
  21307.0000
  62052.0000
  62044.0000
  62051.0000
   3141.0000
  21306.0000
  21307.0000
  62240.0000
  62232.0000
  62239.0000
   3177.0000
  21274.0000
  21203.0000
   3263.0000
  64915.0000
  64920.0000
  65004.0000
   3764.0000
  65004.0000
  62796.0000
  62786.0000
   4005.0000
  47950.0000
  47955.0000
   4029.0000
  84015.0000
  62640.0000
  84075.0000
  62746.0000
   4113.0000
  62604.0000
  62582.0000
  62605.0000
   4140.0000
  69214.0000
   5295.0000
  62605.0000
   4704.0000
  62052.0000
  62746.0000
   4731.0000
  62240.0000
  71278.0000
  71253.0000
   4808.0000
  62785.0000
  62841.0000
   5292.0000
   5295.0000
  72897.0000
  72984.0000
   5831.0000
  71278.0000
   6928.0000
   6760.0000
   6835.0000
   6838.0000
   6995.0000
  21203.0000
  21265.0000
  22122.0000
  22180.0000
  22119.0000
  21782.0000
  21589.0000
  21575.0000
  21578.0000
  21753.0000
  22168.0000
  22102.0000
  22102.0000
  22096.0000
  22007.0000
  22009.0000
  29106.0000
  29077.0000
  29096.0000
  29086.0000
  29097.0000
  29087.0000
  38977.0000
  38945.0000
  38952.0000
  62841.0000
  62712.0000
  62626.0000
  62710.0000
  62796.0000
