   5451.0000
  49181.0000
  49514.0000
     84.0000
   5285.0000
   5288.0000
  72984.0000
  72994.0000
  72983.0000
    111.0000
   5288.0000
  13446.0000
  13452.0000
    166.0000
   6740.0000
   6744.0000
   6784.0000
  18529.0000
  18504.0000
    236.0000
   6923.0000
  21318.0000
  21316.0000
  21317.0000
   1358.0000
  13105.0000
    288.0000
   6775.0000
   6887.0000
   6779.0000
    346.0000
    343.0000
    337.0000
    340.0000
    304.0000
    331.0000
    328.0000
   6779.0000
    307.0000
    325.0000
    322.0000
    328.0000
   6996.0000
   6975.0000
    358.0000
    355.0000
    349.0000
    352.0000
    334.0000
    346.0000
    358.0000
  13939.0000
  13882.0000
    403.0000
    400.0000
    394.0000
    397.0000
    361.0000
    388.0000
    385.0000
    379.0000
    385.0000
   6784.0000
    409.0000
    391.0000
    403.0000
  21292.0000
  21440.0000
   1399.0000
  13451.0000
  13446.0000
   1506.0000
   1503.0000
   1461.0000
   1494.0000
   1491.0000
  21318.0000
   1482.0000
   1491.0000
   1521.0000
   1518.0000
   1497.0000
   1512.0000
   1509.0000
   1509.0000
   1500.0000
   1506.0000
  13882.0000
  13938.0000
   1524.0000
   1527.0000
   1515.0000
   1521.0000
   1524.0000
  21883.0000
  21711.0000
  22094.0000
  22164.0000
  22210.0000
  22165.0000
  22212.0000
   1572.0000
  21291.0000
  21292.0000
   1838.0000
  15920.0000
  15886.0000
  15923.0000
  28649.0000
  28669.0000
  28630.0000
  28620.0000
   1897.0000
  15923.0000
  49181.0000
  49284.0000
   2372.0000
  18529.0000
   3090.0000
   3087.0000
   3045.0000
   3078.0000
   3075.0000
   3072.0000
   3069.0000
   3048.0000
   3063.0000
   3060.0000
   3060.0000
   3051.0000
   3057.0000
  21732.0000
  22024.0000
  22175.0000
  22033.0000
   3057.0000
  47959.0000
  47886.0000
   3075.0000
   3066.0000
   3072.0000
  21307.0000
  21308.0000
   3084.0000
   3090.0000
  62052.0000
  62044.0000
  62051.0000
   3141.0000
  21306.0000
  21307.0000
  62240.0000
  62232.0000
  62239.0000
   3174.0000
  21266.0000
  21203.0000
  64941.0000
  64942.0000
   3214.0000
  28621.0000
  28634.0000
  28635.0000
  28649.0000
   3257.0000
  64930.0000
  64903.0000
  64931.0000
  64971.0000
  64941.0000
  64939.0000
   3295.0000
  29524.0000
  29547.0000
  29539.0000
  29558.0000
   3792.0000
  64956.0000
  64911.0000
   4080.0000
   4077.0000
   4071.0000
   4074.0000
   4005.0000
   4062.0000
   4059.0000
   4050.0000
   4047.0000
   4041.0000
   4044.0000
   4008.0000
   4035.0000
   4032.0000
   4032.0000
   4026.0000
   4029.0000
  84015.0000
  62640.0000
  84075.0000
  62746.0000
   4059.0000
   4053.0000
   4056.0000
   4038.0000
   4050.0000
   4107.0000
   4104.0000
   4098.0000
   4101.0000
   4065.0000
   4092.0000
   4089.0000
   4089.0000
   4083.0000
   4086.0000
   4068.0000
   4080.0000
  62788.0000
  84083.0000
  62779.0000
   4077.0000
  47957.0000
  47886.0000
  62605.0000
  62582.0000
  62604.0000
   4113.0000
   4095.0000
   4107.0000
  62605.0000
   4704.0000
  62052.0000
  62746.0000
   4731.0000
  62240.0000
  72984.0000
   5891.0000
  71296.0000
   4748.0000
  62693.0000
  62790.0000
  62701.0000
   6933.0000
   6996.0000
   6849.0000
   6852.0000
   6853.0000
   6935.0000
  22214.0000
  22167.0000
  21916.0000
  22029.0000
  21769.0000
  21784.0000
  21920.0000
  22117.0000
  84073.0000
  84073.0000
  22032.0000
  22033.0000
  22101.0000
  22212.0000
  28630.0000
  83773.0000
  29515.0000
  29516.0000
  29538.0000
  29558.0000
  62788.0000
  62623.0000
  62701.0000
  64911.0000
  64954.0000
  64930.0000
  64973.0000
  64976.0000
